2147483647C
0 0
9812 1
3358 1
3270 1
3712 1
3622 1
3016 1
3109 1
3297 1
3214 1
3314 1
3395 1
3710 1
3629 1
3290 1
3212 1
3287 1
3198 1
3211 1
3299 1
3308 1
3401 1
3564 1
3655 1
3616 1
3708 1
3262 1
3175 1
3606 1
3704 1
3024 1
3031 1
3063 1
3732 1
3637 1
3699 1
3611 1
3029 1
3063 1
3279 1
3372 1
3036 1
3056 1
3174 1
3261 1
3024 1
3031 1
2937 1
2910 1
3068 1
2941 1
2923 1
3573 1
3660 1
3270 1
3357 1
3700 1
3615 1
3706 1
3618 1
2994 1
3077 1
3698 1
3605 1
3329 1
3243 1
3241 1
3158 1
3774 1
3281 1
3198 1
3720 1
3636 1
3775 1
3683 1
3589 1
3704 1
3611 1
3611 1
3692 1
3217 1
3306 1
3616 1
3704 1
3381 1
3303 1
3624 1
3712 1
3416 1
3333 1
3146 1
3234 1
3134 1
3036 1
3397 1
3391 1
3397 1
3458 1
3462 1
3464 1
3321 1
3416 1
3485 1
3174 1
3169 1
3179 1
3174 1
3175 1
3175 1
3180 1
3352 1
3264 1
3506 1
3420 1
3425 1
3420 1
3410 1
3425 1
3420 1
3737 1
3653 1
3439 1
3695 1
3602 1
3091 1
3003 1
3438 1
3438 1
3443 1
3358 1
3272 1
3164 1
3076 1
3521 1
3338 1
3421 1
3252 1
3210 1
3599 1
3687 1
3284 1
3190 1
3180 1
3268 1
3696 1
3606 1
3252 1
3215 1
3280 1
3187 1
3626 1
3723 1
3154 1
3271 1
3276 1
3183 1
3247 1
3329 1
3744 1
3624 1
3252 1
3220 1
3185 1
3278 1
3256 1
3344 1
3710 1
3622 1
3263 1
3351 1
3507 1
3631 1
3223 1
3311 1
3166 1
3286 1
3623 1
3745 1
3739 1
3645 1
3196 1
3284 1
2991 1
3079 1
3609 1
3697 1
3052 1
3302 1
3209 1
3057 1
3329 1
3213 1
3052 1
2838 1
2991 1
3246 1
3339 1
3601 1
3689 1
2974 1
3057 1
3580 1
3668 1
3079 1
2986 1
3237 1
3320 1
3595 1
3711 1
3629 1
3758 1
3629 1
3744 1
3285 1
3191 1
3586 1
3665 1
3665 1
3783 1
3702 1
3609 1
3057 1
3094 1
3366 1
3250 1
3057 1
3089 1
3592 1
3706 1
3009 1
3094 1
3780 1
3775 1
3311 1
3190 1
3101 1
3133 1
3062 1
3089 1
2912 1
2829 1
3181 1
3088 1
3362 1
3250 1
3758 1
3672 1
3133 1
3096 1
3310 1
3222 1
3363 1
3276 1
3590 1
3677 1
3053 1
3128 1
2998 1
2878 1
3715 1
3617 1
3107 1
2985 1
3678 1
3561 1
3266 1
3391 1
3606 1
3726 1
2971 1
3083 1
3715 1
3600 1
3463 1
3464 1
3586 1
3701 1
3715 1
3626 1
3626 1
3735 1
3332 1
3453 1
3624 1
3742 1
260 1
795 1
-260 -1
2681 1
3637 1
3720 1
3688 1
3596 1
2676 1
2681 1
2703 1
3571 1
3650 1
3598 1
3686 1
3248 1
3168 1
3720 1
3632 1
3327 1
3234 1
2960 1
3044 1
3759 1
3150 1
3237 1
3788 1
3797 1
3786 1
3797 1
3793 1
3795 1
3686 1
3595 1
3609 1
3686 1
3776 1
3790 1
4905 1
3454 1
3539 1
3322 1
3234 1
3069 1
2986 1
3633 1
3723 1
3584 1
3665 1
3605 1
3697 1
6911 1
3254 1
3161 1
3694 1
3611 1
3253 1
3169 1
3663 1
3578 1
3262 1
3256 1
2957 1
3045 1
3728 1
3645 1
3017 1
3105 1
3131 1
3219 1
3621 1
3704 1
3246 1
3163 1
5146 1
3606 1
3681 1
3299 1
3216 1
3590 1
3687 1
3687 1
3606 1
3148 1
3241 1
3218 1
3311 1
3718 1
3626 1
3603 1
3691 1
3075 1
2992 1
3299 1
3221 1
2950 1
3043 1
3205 1
3293 1
3147 1
3230 1
3624 1
3714 1
3602 1
3159 1
3253 1
3578 1
3659 1
3284 1
3367 1
2987 1
3080 1
3018 1
3111 1
3393 1
3305 1
3612 1
3691 1
3152 1
3245 1
3254 1
3166 1
3708 1
3618 1
3033 1
3186 1
3685 1
3593 1
3618 1
3709 1
3797 1
3794 1
2997 1
3075 1
3354 1
3259 1
3267 1
3171 1
3243 1
3156 1
3719 1
3626 1
3607 1
3712 1
3143 1
3055 1
3590 1
3680 1
3036 1
3156 1
3701 1
3604 1
3065 1
3231 1
3139 1
3650 1
3740 1
3271 1
3178 1
3249 1
3156 1
3172 1
3255 1
3597 1
3687 1
3830 1
3828 1
3033 1
3077 1
3617 1
3701 1
3630 1
3723 1
2987 1
3075 1
3045 1
3683 1
3594 1
3242 1
3215 1
3065 1
3627 1
3712 1
3294 1
3206 1
2941 1
2914 1
3354 1
3176 1
3191 1
3275 1
3093 1
3120 1
3714 1
3628 1
3612 1
3698 1
3252 1
3220 1
3077 1
3700 1
3894 1
3889 1
3884 1
3890 1
3895 1
3889 1
3680 1
3597 1
3220 1
3242 1
3045 1
3637 1
3720 1
2956 1
2923 1
3040 1
3282 1
3197 1
3616 1
3699 1
3705 1
3619 1
3077 1
3143 1
3231 1
3607 1
3716 1
3276 1
3187 1
3009 1
3097 1
3506 1
3601 1
3044 1
3035 1
3576 1
3697 1
3072 1
3752 1
3633 1
3175 1
3296 1
3303 1
3210 1
3629 1
3741 1
3297 1
3209 1
3560 1
3658 1
3039 1
3035 1
3284 1
3252 1
3039 1
2951 1
2931 1
3252 1
3279 1
3658 1
3776 1
3615 1
3701 1
2950 1
2862 1
3265 1
3177 1
3623 1
3716 1
3069 1
2981 1
3310 1
3222 1
3247 1
3279 1
3319 1
3203 1
3584 1
3676 1
3691 1
3600 1
3217 1
3129 1
3569 1
3652 1
3004 1
3092 1
3188 1
3105 1
3276 1
3276 1
3630 1
3544 1
3085 1
2969 1
3623 1
3702 1
3020 1
2988 1
3099 1
3245 1
3129 1
3610 1
3695 1
3025 1
3650 1
3565 1
2970 1
3058 1
3015 1
3582 1
3673 1
2931 1
2909 1
3029 1
3122 1
3365 1
3188 1
3580 1
3696 1
3037 1
3161 1
3240 1
3037 1
3214 1
3297 1
3037 1
2849 1
3036 1
3358 1
3265 1
3611 1
3704 1
3643 1
3762 1
3154 1
3237 1
3273 1
3186 1
3430 1
3521 1
3633 1
3746 1
3117 1
2997 1
3238 1
3133 1
